comment: theta=5.0
comment: k=4
comment: iteration=1
comment: lambda=27

type=neural

nodes=12
thresholds=+5.000 +5.000 +5.000 +5.000 +5.000 +5.000 +5.000 +5.000 +5.000 +5.000 +5.000 +5.000

+1.000 +1.000 +1.000 +1.000 +1.000 +1.000 +1.000 +1.000 +1.000 +1.000 +1.000 +1.000
+1.000 +1.000 +1.000 +1.000 +1.000 +1.000 +1.000 +1.000 +1.000 +1.000 +1.000 +1.000
+1.000 +1.000 +1.000 +1.000 +1.000 +1.000 +1.000 +1.000 +1.000 +1.000 +1.000 +1.000
+1.000 +1.000 +1.000 +1.000 +1.000 +1.000 +1.000 +1.000 +1.000 +1.000 +1.000 +1.000
+1.000 +1.000 +1.000 +1.000 +1.000 +1.000 +1.000 +1.000 +1.000 +1.000 +1.000 +1.000
+1.000 +1.000 +1.000 +1.000 +1.000 +1.000 +1.000 +1.000 +1.000 +1.000 +1.000 +1.000
+1.000 +1.000 +1.000 +1.000 +1.000 +1.000 +1.000 +1.000 +1.000 +1.000 +1.000 +1.000
+1.000 +1.000 +1.000 +1.000 +1.000 +1.000 +1.000 +1.000 +1.000 +1.000 +1.000 +1.000
+1.000 +1.000 +1.000 +1.000 +1.000 +1.000 +1.000 +1.000 +1.000 +1.000 +1.000 +1.000
+1.000 +1.000 +1.000 +1.000 +1.000 +1.000 +1.000 +1.000 +1.000 +1.000 +1.000 +1.000
+1.000 +1.000 +1.000 +1.000 +1.000 +1.000 +1.000 +1.000 +1.000 +1.000 +1.000 +1.000
+1.000 +1.000 +1.000 +1.000 +1.000 +1.000 +1.000 +1.000 +1.000 +1.000 +1.000 +1.000
