type=neural
nodes=9
thresholds=+5.000 +5.000 +5.000 +5.000 +5.000 +5.000 +5.000 +5.000 +5.000

+1.000 +1.000 +1.000 +1.000 +1.000 +1.000 +1.000 +1.000 +1.000
+1.000 +1.000 +1.000 +1.000 +1.000 +1.000 +1.000 +1.000 +1.000
+1.000 +1.000 +1.000 +1.000 +1.000 +1.000 +1.000 +1.000 +1.000
+1.000 +1.000 +1.000 +1.000 +1.000 +1.000 +1.000 +1.000 +1.000
+1.000 +1.000 +1.000 +1.000 +1.000 +1.000 +1.000 +1.000 +1.000
+1.000 +1.000 +1.000 +1.000 +1.000 +1.000 +1.000 +1.000 +1.000
+1.000 +1.000 +1.000 +1.000 +1.000 +1.000 +1.000 +1.000 +1.000
+1.000 +1.000 +1.000 +1.000 +1.000 +1.000 +1.000 +1.000 +1.000
+1.000 +1.000 +1.000 +1.000 +1.000 +1.000 +1.000 +1.000 +1.000

