type=neural
nodes=8
thresholds=+2.000 +2.000 +2.000 +2.000 +2.000 +2.000 +2.000 +2.000

+0.000 +1.000 +0.000 +0.000 +1.000 +0.000 +0.000 +1.000
+1.000 +0.000 +0.000 +1.000 +0.000 +1.000 +1.000 +0.000
+0.000 +1.000 +0.000 +1.000 +1.000 +0.000 +0.000 +1.000
+0.000 +0.000 +1.000 +0.000 +0.000 +1.000 +1.000 +0.000
+0.000 +0.000 +0.000 +0.000 +0.000 +0.000 +0.000 +1.000
+1.000 +0.000 +1.000 +0.000 +0.000 +0.000 +1.000 +0.000
+1.000 +0.000 +1.000 +0.000 +1.000 +0.000 +0.000 +0.000
+0.000 +1.000 +0.000 +1.000 +0.000 +0.000 +0.000 +0.000
