
infoflow
[ 0.50 0.00 0.00 0.00 0.00 0.00 0.00 ] 
[ 0.50 0.00 0.00 0.50 0.00 0.00 0.00 ] 
[ 0.00 0.50 0.00 0.00 0.50 0.00 0.00 ] 
[ 0.00 0.00 0.50 0.00 0.00 0.00 0.00 ] 
[ 0.00 0.00 0.50 0.50 0.00 0.50 0.00 ] 
[ 0.00 0.50 0.00 0.00 0.00 0.00 0.50 ] 
[ 0.00 0.00 0.00 0.00 0.50 0.50 0.50 ] 
sum=7.00

complement-transfer entropy
[ 0.50 0.00 0.00 0.09 0.00 0.00 0.00 ] 
[ 0.50 0.00 0.00 0.34 0.00 0.03 0.00 ] 
[ 0.00 0.50 0.00 0.00 0.25 0.00 0.00 ] 
[ 0.00 0.00 0.50 0.00 0.00 0.05 0.00 ] 
[ 0.00 0.00 0.50 0.20 0.00 0.20 0.00 ] 
[ 0.00 0.50 0.00 0.00 0.09 0.00 0.25 ] 
[ 0.00 0.00 0.00 0.00 0.41 0.27 2.00 ] 

I(X0:M_1)s:	 0.811 0.811 0.811 0.811 0.811 0.811 0.811 
sum=5.679		 H(X1)=4.639

I(X0:M_1|previous_parts)s:	 0.811 0.811 0.811 0.627 0.738 0.476 0.364 
sum=4.639

I(X0 -> M_1)s:	0.811 0.811 0.811 0.811 0.811 0.811 0.811 
sum=5.679

######################################################
## Measures
######################################################
   * sum_infoflow-sum_H_M1=1.321
   * transfer_cond-sum_H_M1_with_cond=2.552
   * (sum_infoflow-sum_H_M1)/sum_H_M1=0.233
   * (sum_infoflow-sum_H_M1)/H(X1)=0.285
######################################################

