comment: p=0.7
comment: k=4
comment: iteration=1
comment: theta=3.0

type=neural

nodes=12
thresholds=+3.000 +3.000 +3.000 +3.000 +3.000 +3.000 +3.000 +3.000 +3.000 +3.000 +3.000 +3.000

+0.000 +1.000 +1.000 +0.000 +0.000 +0.000 +1.000 +0.000 +0.000 +0.000 +0.000 +0.000
+1.000 +1.000 +1.000 +0.000 +0.000 +0.000 +0.000 +0.000 +0.000 +0.000 +0.000 +0.000
+1.000 +1.000 +1.000 +0.000 +0.000 +0.000 +0.000 +0.000 +0.000 +0.000 +0.000 +0.000
+1.000 +0.000 +0.000 +0.000 +0.000 +1.000 +0.000 +1.000 +0.000 +0.000 +1.000 +0.000
+0.000 +0.000 +1.000 +1.000 +1.000 +1.000 +0.000 +0.000 +0.000 +0.000 +1.000 +0.000
+0.000 +0.000 +0.000 +1.000 +1.000 +1.000 +0.000 +0.000 +0.000 +0.000 +0.000 +0.000
+0.000 +0.000 +0.000 +0.000 +0.000 +0.000 +0.000 +1.000 +0.000 +0.000 +0.000 +1.000
+0.000 +0.000 +0.000 +0.000 +0.000 +0.000 +0.000 +1.000 +0.000 +0.000 +0.000 +0.000
+0.000 +0.000 +0.000 +1.000 +0.000 +0.000 +1.000 +1.000 +1.000 +0.000 +0.000 +0.000
+1.000 +1.000 +0.000 +0.000 +0.000 +0.000 +0.000 +0.000 +0.000 +0.000 +1.000 +1.000
+0.000 +0.000 +0.000 +1.000 +0.000 +0.000 +0.000 +0.000 +0.000 +0.000 +1.000 +1.000
+0.000 +0.000 +0.000 +0.000 +1.000 +0.000 +0.000 +0.000 +0.000 +1.000 +1.000 +1.000
