comment: p=1.0
comment: k=4
comment: iteration=3
comment: theta=2.0

type=neural

nodes=12
thresholds=+2.000 +2.000 +2.000 +2.000 +2.000 +2.000 +2.000 +2.000 +2.000 +2.000 +2.000 +2.000

+1.000 +1.000 +1.000 +0.000 +0.000 +0.000 +0.000 +0.000 +0.000 +0.000 +0.000 +0.000
+1.000 +1.000 +1.000 +0.000 +0.000 +0.000 +0.000 +0.000 +0.000 +0.000 +0.000 +0.000
+1.000 +1.000 +1.000 +0.000 +0.000 +0.000 +0.000 +0.000 +0.000 +0.000 +0.000 +0.000
+0.000 +0.000 +0.000 +1.000 +1.000 +1.000 +0.000 +0.000 +0.000 +0.000 +0.000 +0.000
+0.000 +0.000 +0.000 +1.000 +1.000 +1.000 +0.000 +0.000 +0.000 +0.000 +0.000 +0.000
+0.000 +0.000 +0.000 +1.000 +1.000 +1.000 +0.000 +0.000 +0.000 +0.000 +0.000 +0.000
+0.000 +0.000 +0.000 +0.000 +0.000 +0.000 +1.000 +1.000 +1.000 +0.000 +0.000 +0.000
+0.000 +0.000 +0.000 +0.000 +0.000 +0.000 +1.000 +1.000 +1.000 +0.000 +0.000 +0.000
+0.000 +0.000 +0.000 +0.000 +0.000 +0.000 +1.000 +1.000 +1.000 +0.000 +0.000 +0.000
+0.000 +0.000 +0.000 +0.000 +0.000 +0.000 +0.000 +0.000 +0.000 +1.000 +1.000 +1.000
+0.000 +0.000 +0.000 +0.000 +0.000 +0.000 +0.000 +0.000 +0.000 +1.000 +1.000 +1.000
+0.000 +0.000 +0.000 +0.000 +0.000 +0.000 +0.000 +0.000 +0.000 +1.000 +1.000 +1.000
